cam0:
  T_cam_imu:
  - [0.9999943445901417, -0.0012493715689137611, 0.0031224763273947852, 0.021676311414311443]
  - [0.001223513033030369, 0.9999650573085412, 0.008269654030445496, -0.003404871361745609]
  - [-0.0031326990902982824, -0.008265786871680674, 0.9999609307186962, -0.012911957715540885]
  - [0.0, 0.0, 0.0, 1.0]
  cam_overlaps: []
  camera_model: pinhole
  distortion_coeffs: [0.3629375983301243, 1.4225432053119618, -7.572285678161193, 11.997731214099968]
  distortion_model: equidistant
  intrinsics: [911.0564926338128, 915.3690426859793, 654.5482352770398, 375.66810190623215]
  resolution: [1280, 720]
  rostopic: /cam0/image_raw
  timeshift_cam_imu: 0.008725053880659276
